[172153.58,22]
[143383.71,21]
[165051.08,19]
[161492.83,21]
[158880.63,20]
[163167.98,23]
[149187.06,23]
[161124.02,21]
[147471.69,21]
[173683.09,18]
[139060.43,17]
[161498.42,25]
[170074.63,24]
[159829.21,23]
[156125.24,22]
[156164.54,19]
[160164.80,20]
[171922.45,21]
[162839.82,20]
[171402.44,19]
[165440.03,20]
[149443.38,20]
[150791.80,20]
[155446.31,21]
[164489.24,20]
[158578.66,21]
[153438.93,22]
[167259.96,21]
[182784.75,22]
[157714.99,20]
[156515.89,20]
[170125.57,19]
[158026.49,19]
[169299.54,18]
[155212.72,20]
[162031.28,21]
[156679.82,23]
[161985.25,25]
[143754.50,22]
[148386.39,19]
[178688.56,24]
[140275.86,20]
[158179.24,16]
[158349.41,21]
[161010.37,17]
[169914.80,21]
[158218.60,19]
[165957.31,22]
[154016.78,21]
[167107.70,17]
[160012.47,17]
[149608.62,21]
[157394.05,20]
[155877.88,22]
[165906.02,19]
[161767.12,20]
[182880.97,19]
[155709.43,20]
[154447.45,21]
[161568.21,17]
[153106.58,18]
[171199.77,25]
[172670.04,21]
[169062.88,21]
[175404.88,22]
[156538.25,18]
[152438.09,21]
[146579.36,20]
[172236.98,21]
[178691.57,23]
[155961.42,18]
[158357.30,20]
[162615.25,24]
[147606.68,20]
[162161.22,23]
[163944.86,21]
[172283.21,22]
[156467.67,21]
[151767.00,22]
[168262.72,15]
[171019.20,20]
[163446.60,22]
[135886.68,18]
[155506.70,19]
[161579.44,20]
[141727.00,22]
[169839.01,22]
[151709.72,20]
[164322.00,22]
[168906.33,20]
[144628.91,19]
[164176.56,22]
[181088.21,21]
[161283.86,20]
[154780.42,22]
[162372.49,20]
[148040.74,20]
[154927.89,23]
[168308.98,18]
[170509.40,19]
[160169.09,23]
[148590.19,21]
[147532.96,17]
[168703.69,21]
[150614.04,17]
[154822.99,23]
[162862.41,20]
[152117.48,21]
[143364.66,23]
[163869.61,23]
[153202.66,22]
[165716.76,17]
[160327.32,21]
[153088.54,20]
[163199.57,20]
[148790.55,22]
[161115.89,21]
[159795.35,21]
[155977.70,19]
[151419.47,23]
[138660.53,22]
[144414.73,17]
[148772.03,20]
[166142.79,17]
[175578.47,23]
[157511.98,20]
[149302.39,22]
[159525.73,23]
[151975.56,22]
[158473.89,19]
[177860.76,21]
[165040.26,18]
[151611.51,21]
[152993.16,22]
[163221.37,19]
[160767.08,21]
[157196.96,18]
[150482.63,21]
[168977.56,19]
[171009.53,21]
[146139.52,21]
[167695.46,21]
[182028.99,21]
[167763.36,21]
[168638.46,16]
[150262.49,20]
[163876.98,21]
[169689.99,21]
[160911.01,20]
[160476.76,22]
[166390.72,22]
[156438.15,19]
[154123.71,21]
[174952.29,21]
[163687.74,17]
[185636.82,18]
[177015.54,19]
[168414.83,22]
[159480.91,20]
[149430.62,20]
[169849.08,21]
[150003.11,23]
[146801.18,21]
[149925.85,19]
[169635.02,20]
[143686.96,19]
[166403.93,19]
[170985.54,23]
[159570.55,23]
[177467.23,17]
[170404.61,22]
[155605.70,22]
[162804.98,19]
[173719.90,21]
[170720.88,20]
[142481.85,21]
[156486.89,18]
[141918.04,22]
[171534.63,23]
[164179.97,21]
[160731.91,21]
[166784.57,20]
[146221.82,20]
[160810.44,20]
[159095.79,25]
[167681.39,18]
[165374.34,16]
[165027.21,21]
[159098.68,19]
[149000.43,21]
[152694.67,22]
[152601.53,20]
[166432.43,20]
[157173.71,21]
[162590.77,20]
[161098.98,20]
[162953.74,21]
[163880.43,22]
[148531.63,18]
[156172.70,20]
[56931.80,51]
[38656.63,51]
[68984.27,51]
[46091.56,49]
[54256.58,49]
[22962.06,53]
[50337.05,50]
[64253.55,51]
[50119.99,50]
[60360.09,51]
[53090.85,52]
[62857.04,49]
[44947.42,51]
[60796.56,49]
[50647.91,51]
[56576.22,53]
[60159.52,55]
[60297.97,48]
[53027.97,50]
[38201.61,52]
[55613.35,50]
[49472.89,48]
[52834.72,49]
[55113.89,48]
[40848.54,50]
[56944.08,51]
[55569.43,53]
[48646.38,53]
[45079.75,49]
[50913.38,50]
[70284.58,49]
[42315.92,52]
[54766.99,47]
[58469.59,52]
[51151.30,53]
[70457.69,49]
[63651.26,46]
[56709.02,49]
[64684.18,49]
[65284.48,49]
[50723.04,49]
[57211.04,48]
[61473.65,49]
[77424.74,50]
[47370.03,51]
[46688.08,51]
[50518.28,51]
[55569.22,51]
[48174.85,49]
[69398.61,53]
[64219.28,49]
[67756.56,50]
[53542.66,52]
[53895.27,50]
[51782.44,49]
[47959.87,50]
[56525.35,50]
[43217.53,50]
[52755.10,50]
[59526.74,51]
[46730.97,49]
[50081.00,49]
[39122.26,49]
[40694.89,48]
[42603.59,48]
[43684.09,48]
[52403.67,52]
[41532.66,52]
[60251.48,51]
[52470.49,51]
[60635.29,52]
[51606.59,52]
[67035.10,52]
[62044.86,49]
[55053.18,51]
[50380.68,51]
[56693.61,50]
[53507.01,50]
[55342.24,50]
[50763.96,50]
[43768.53,47]
[52840.82,48]
[71453.68,52]
[67487.56,52]
[51795.84,51]
[60205.49,48]
[62853.18,48]
[43222.69,52]
[49277.58,48]
[66885.25,47]
[47301.95,53]
[81722.92,50]
[64140.91,48]
[75756.56,49]
[26846.06,51]
[56432.76,49]
[57582.18,53]
[41515.82,51]
[45160.20,53]
[60713.01,49]
[57763.90,50]
[61491.37,50]
[68090.94,56]
[58433.34,52]
[58780.04,49]
[59836.23,52]
[63474.48,51]
[53460.85,54]
[64297.18,53]
[48483.46,53]
[40417.63,51]
[55300.08,51]
[50896.84,52]
[60388.76,51]
[75662.33,52]
[56839.26,50]
[35135.03,49]
[50192.13,49]
[53917.34,54]
[60146.77,50]
[44150.28,52]
[52702.15,54]
[56583.32,53]
[59732.47,50]
[56267.52,52]
[54736.84,47]
[36157.57,49]
[46826.71,51]
[53699.86,51]
[52778.41,51]
[58386.66,52]
[46003.08,46]
[48797.53,52]
[48421.67,49]
[42114.82,48]
[53065.05,47]
[53496.30,50]
[53022.87,51]
[48368.56,53]
[62928.47,49]
[54240.02,49]
[67724.28,50]
[42996.29,52]
[61118.37,50]
[49764.33,49]
[54386.91,48]
[73058.53,50]
[77054.93,49]
[52911.71,50]
[64070.99,52]
[58159.91,53]
[66587.04,52]
[50841.59,48]
[38741.60,47]
[51847.82,48]
[53922.47,53]
[53445.14,47]
[63409.73,50]
[50011.87,50]
[41752.41,50]
[62551.62,48]
[60705.41,52]
[49322.92,52]
[43418.89,51]
[53570.65,50]
[58891.85,51]
[35380.89,48]
[44200.11,50]
[62806.53,52]
[61723.48,51]
[45303.44,53]
[56065.44,48]
[48806.61,53]
[69345.09,48]
[76086.45,52]
[60687.74,48]
[76525.78,50]
[47488.35,49]
[53957.30,48]
[61145.85,50]
[37682.86,49]
[43659.12,49]
[49509.60,51]
[52059.49,50]
[47513.60,52]
[52235.37,54]
[46069.67,50]
[68008.76,48]
[45496.58,48]
[53707.40,50]
[57141.36,53]
[43441.43,50]
[58999.35,45]
[49739.99,49]
[48955.03,51]
[65977.28,49]
[76962.04,49]
[54400.08,51]
[39755.73,51]
[55216.50,51]
[124094.92,61]
[110484.89,66]
[112216.11,61]
[101462.30,62]
[99897.65,65]
[84870.95,62]
[99115.05,61]
[107326.04,61]
[117797.54,62]
[107499.21,65]
[115748.74,64]
[112762.98,61]
[116037.29,68]
[110391.90,62]
[97843.60,60]
[109588.11,62]
[123473.26,63]
[119635.51,65]
[125007.58,63]
[122723.24,64]
[102394.49,62]
[117217.70,63]
[90914.02,64]
[115626.85,64]
[128280.08,63]
[97657.61,65]
[114570.59,65]
[119494.42,64]
[107508.13,63]
[111440.39,63]
[114590.28,63]
[113508.99,61]
[110165.20,61]
[102436.58,66]
[102853.07,65]
[96180.79,63]
[123450.48,65]
[105606.67,65]
[109297.40,62]
[100944.87,60]
[117716.52,65]
[129732.23,63]
[109744.56,62]
[116144.26,64]
[97971.29,65]
[118731.63,64]
[110609.17,60]
[114033.51,63]
[108361.72,64]
[110776.89,64]
[111853.94,63]
[101929.48,61]
[116435.44,63]
[117091.16,64]
[111732.52,67]
[107998.80,64]
[107946.26,63]
[102683.60,65]
[107721.53,65]
[123662.85,64]
[107707.36,64]
[118675.42,65]
[99745.67,67]
[104233.45,61]
[119174.76,63]
[114115.89,64]
[130225.43,64]
[117718.48,63]
[105972.45,65]
[118900.06,67]
[105312.69,64]
[120736.26,60]
[100279.88,65]
[115339.78,62]
[122130.88,62]
[98615.84,64]
[114343.24,65]
[115263.83,65]
[103331.67,65]
[102577.73,66]
[111053.28,64]
[108880.37,63]
[109830.76,61]
[104737.45,62]
[115689.42,65]
[109940.64,64]
[117528.48,63]
[88679.47,64]
[127561.74,62]
[120423.08,62]
[106444.28,68]
[112291.89,62]
[124471.65,64]
[116942.90,60]
[109606.44,64]
[111417.99,62]
[109703.28,66]
[109119.38,65]
[128154.08,63]
[111627.36,66]
[124859.45,65]
[100870.42,65]
[115475.85,64]
[130466.16,62]
[131268.25,60]
[101877.47,64]
[109864.55,65]
[120785.48,61]
[111195.47,64]
[99694.31,63]
[112943.27,64]
[109021.28,66]
[112035.40,63]
[97219.18,62]
[107042.52,61]
[108351.97,62]
[79844.87,65]
[125017.85,64]
[113923.29,63]
[89689.82,63]
[98490.47,62]
[99045.68,64]
[139528.46,63]
[126722.55,64]
[128807.09,66]
[94629.81,66]
[118503.34,61]
[117118.71,61]
[114980.49,66]
[115415.09,61]
[110046.26,64]
[121204.43,64]
[109366.16,62]
[117838.61,67]
[120042.17,62]
[125432.68,63]
[127966.94,63]
[123956.83,63]
[111571.82,66]
[100284.91,64]
[107306.66,64]
[114240.98,68]
[116547.69,61]
[108968.19,65]
[109932.62,65]
[126755.30,66]
[101962.26,62]
[113890.29,60]
[120177.92,63]
[111280.39,64]
[107148.93,67]
[120570.67,61]
[113569.33,63]
[121085.47,65]
[126814.94,63]
[110268.49,64]
[116526.81,62]
[120169.94,63]
[88399.33,59]
[103062.09,67]
[122141.66,64]
[108965.29,63]
[118623.16,63]
[125968.85,67]
[124054.87,62]
[111683.56,63]
[115952.18,61]
[125564.14,62]
[114731.70,64]
[110944.96,66]
[116713.72,65]
[120644.68,62]
[126799.79,66]
[103200.93,63]
[109824.85,64]
[117700.68,68]
[104782.03,63]
[125380.90,66]
[105522.60,65]
[109392.75,65]
[119582.20,67]
[97793.10,62]
[118817.89,61]
[107533.07,65]
[104578.14,62]
[112981.84,61]
[134674.19,61]
[93566.40,63]
[108265.11,65]
[123513.86,61]
[102259.65,62]
[135204.27,63]
[128720.84,64]
[113410.73,61]
[112782.85,66]
[114350.74,64]
[116525.99,68]
[105183.81,65]
[120081.16,65]
[130606.29,62]
[186330.11,60]
[198797.43,57]
[191793.38,58]
[207045.53,62]
[192888.33,61]
[173028.37,58]
[178682.04,59]
[201140.17,58]
[192432.57,63]
[197509.18,65]
[191614.29,56]
[197375.80,59]
[178113.71,57]
[174630.36,63]
[176597.88,63]
[188898.92,59]
[195701.41,61]
[175222.25,60]
[171894.30,60]
[186249.87,59]
[204806.93,56]
[191755.37,60]
[194438.73,63]
[197660.80,57]
[188141.20,59]
[202458.23,61]
[195706.32,60]
[195844.16,60]
[195804.94,63]
[202875.17,61]
[199423.12,61]
[178123.32,60]
[183985.80,63]
[194718.37,60]
[208601.38,58]
[178647.56,60]
[197414.46,60]
[189600.66,60]
[187059.37,56]
[199615.45,59]
[178963.06,56]
[180999.89,60]
[183123.07,60]
[178632.58,59]
[196509.67,58]
[185448.85,57]
[202790.18,58]
[192694.48,56]
[186363.31,59]
[199455.99,59]
[174687.01,59]
[192229.18,60]
[197406.77,57]
[191673.40,60]
[200094.59,57]
[184803.15,60]
[188719.26,59]
[200857.15,60]
[198219.35,60]
[181671.93,61]
[191925.96,56]
[194760.86,60]
[195982.96,58]
[202240.67,58]
[188431.56,61]
[197323.35,60]
[209674.29,59]
[173919.59,60]
[188382.72,59]
[183394.19,57]
[186044.86,60]
[180632.30,60]
[186950.85,60]
[207441.04,58]
[194485.91,59]
[202304.74,56]
[196342.90,58]
[178867.14,57]
[187024.86,60]
[195120.19,61]
[183566.76,59]
[193738.61,61]
[182300.84,59]
[177448.21,59]
[181179.67,58]
[195088.94,59]
[185115.76,62]
[201651.47,59]
[185527.66,60]
[187737.47,59]
[197506.29,59]
[169934.83,59]
[204208.10,60]
[185974.71,62]
[179911.27,62]
[188329.64,56]
[198424.05,61]
[196008.47,60]
[203415.93,60]
[204385.75,60]
[200240.39,58]
[187562.93,57]
[199638.70,58]
[189242.23,59]
[190415.55,54]
[180627.41,60]
[174734.47,62]
[196948.11,58]
[191186.03,59]
[199383.41,60]
[203774.82,62]
[203906.84,59]
[197503.86,59]
[198436.98,54]
[176432.83,64]
[197154.64,62]
[203473.71,58]
[186663.12,60]
[193102.26,57]
[175301.55,60]
[201777.09,56]
[192123.35,64]
[185983.08,59]
[193866.22,62]
[186930.05,57]
[209788.08,60]
[180593.01,58]
[183970.66,61]
[180492.18,61]
[204856.41,60]
[183594.15,59]
[209166.23,58]
[195272.05,62]
[187470.18,61]
[215971.98,61]
[193470.11,60]
[184443.68,61]
[191738.93,56]
[195992.96,57]
[196615.50,64]
[183793.71,60]
[196695.81,58]
[203102.42,61]
[190533.47,58]
[182662.10,62]
[191684.48,61]
[189374.10,58]
[180088.99,59]
[203180.49,59]
[199521.64,63]
[202004.00,59]
[217339.42,58]
[183656.84,58]
[200922.75,58]
[196222.32,63]
[196978.41,58]
[189199.03,57]
[202663.40,63]
[205304.05,58]
[191845.66,57]
[199713.59,57]
[195653.42,60]
[196779.76,58]
[192975.22,58]
[174515.61,57]
[189118.36,62]
[214141.27,60]
[201143.81,58]
[182857.61,60]
[184129.69,59]
[203063.59,60]
[192624.64,60]
[180273.21,59]
[195479.32,58]
[191534.22,59]
[196257.52,61]
[200877.10,59]
[161263.96,59]
[206511.98,60]
[179261.60,60]
[206777.08,57]
[185750.87,62]
[190244.62,59]
[203945.53,61]
[212525.62,59]
[211474.15,59]
[183676.61,57]
[176742.05,57]
[178471.07,60]
[187445.46,63]
[180982.70,58]
[202599.29,60]
[203214.81,58]
[199622.57,57]
[205270.87,57]
[174057.58,60]
[192712.71,57]
[188722.74,56]
[205409.96,60]
[194905.57,62]
[42675.83,34]
[56108.02,30]
[69405.60,32]
[45198.90,34]
[55805.71,37]
[64004.29,37]
[48697.67,37]
[61069.00,35]
[62227.86,31]
[60377.83,32]
[62667.58,36]
[58207.01,36]
[64552.96,38]
[55980.58,33]
[54656.53,33]
[49258.02,38]
[56347.44,36]
[49089.72,33]
[50587.13,34]
[65920.87,35]
[53665.84,36]
[41956.10,34]
[58040.38,33]
[52241.11,35]
[53148.08,35]
[65273.31,33]
[48047.29,34]
[48076.64,32]
[47473.94,30]
[64188.79,34]
[72487.52,37]
[56493.64,39]
[67979.16,31]
[60977.75,33]
[66152.22,35]
[54416.58,35]
[63356.74,34]
[32500.41,34]
[47410.23,37]
[37875.03,31]
[53069.20,35]
[64534.54,33]
[36204.19,36]
[51189.47,34]
[69418.45,34]
[42193.00,37]
[39355.31,34]
[64857.82,38]
[59030.59,33]
[58377.16,33]
[64032.78,34]
[65003.60,33]
[56723.54,36]
[67208.27,36]
[72068.00,33]
[59090.53,37]
[58805.81,34]
[57348.08,35]
[51796.53,33]
[53654.87,35]
[48446.87,33]
[59658.81,33]
[47719.42,31]
[61048.19,39]
[40004.75,35]
[38657.06,36]
[61708.83,35]
[58064.31,38]
[65590.14,37]
[58893.27,34]
[44551.06,34]
[58715.00,36]
[50965.82,36]
[46799.09,33]
[64073.76,33]
[47163.00,36]
[75640.61,32]
[55927.42,34]
[55948.58,31]
[58052.64,32]
[67723.07,31]
[51197.42,33]
[61748.59,39]
[54315.90,38]
[47655.94,34]
[60337.46,34]
[37184.67,34]
[67091.86,32]
[75289.11,35]
[51018.67,35]
[60082.72,32]
[56124.23,35]
[67922.07,30]
[50526.12,33]
[63071.04,36]
[52908.06,35]
[57660.65,33]
[38844.39,33]
[63140.29,36]
[55809.70,30]
[69623.04,35]
[48152.31,33]
[51835.42,36]
[41758.54,35]
[59314.63,36]
[65146.67,31]
[81515.21,34]
[47216.42,37]
[57451.19,34]
[65604.81,38]
[54937.80,31]
[66800.58,31]
[47748.46,35]
[39181.68,35]
[39329.75,37]
[52898.20,34]
[49923.54,35]
[55946.18,34]
[40951.27,35]
[37266.38,33]
[53084.05,30]
[64278.47,34]
[43652.45,36]
[54791.91,32]
[51178.41,38]
[65698.96,38]
[39770.93,31]
[61043.06,36]
[58584.51,35]
[66548.42,34]
[44269.99,35]
[55266.60,33]
[71584.07,34]
[60148.05,32]
[63724.57,34]
[38878.86,37]
[61938.36,33]
[54533.04,32]
[65120.76,32]
[67032.70,36]
[56659.35,38]
[50582.54,36]
[51207.12,35]
[60464.48,34]
[54390.57,35]
[47993.82,36]
[64629.03,37]
[62444.07,35]
[61842.82,32]
[51250.97,33]
[34610.87,34]
[62014.55,35]
[53464.03,31]
[60633.14,34]
[61160.72,30]
[67543.46,36]
[53520.17,34]
[69274.55,35]
[59156.19,32]
[73743.77,38]
[57429.63,37]
[46050.77,35]
[63537.69,33]
[56944.14,36]
[59785.17,36]
[57597.19,33]
[35007.33,35]
[53630.75,37]
[61247.47,37]
[51341.52,35]
[55285.83,37]
[65688.23,37]
[71387.39,35]
[53869.95,33]
[54317.65,35]
[55063.74,39]
[56785.67,34]
[59506.42,35]
[65978.53,37]
[65904.41,34]
[50342.16,35]
[66977.49,32]
[62721.41,33]
[56644.91,34]
[55430.38,36]
[72075.71,34]
[58774.97,37]
[50173.05,35]
[70333.97,34]
[44966.91,31]
[56172.68,30]
[51732.82,33]
[62879.44,35]
[41482.83,32]
[62719.17,36]
[69063.33,35]
[63659.53,38]
[44587.99,36]
[56898.74,34]
[53342.14,37]
